14
0	0	9	0	32	0
1	0	9	0	160	0
2	0	9	0	172	0
3	0	9	0	173	0
4	0	9	0	281	0
5	0	9	0	300	0
6	0	9	0	315	0
7	0	9	0	339	0
8	0	9	0	396	0
9	0	9	0	434	0
10	0	9	0	446	0
11	0	9	0	532	0
12	0	9	0	533	0
13	0	9	0	552	0
14	0	9	0	670	0
15	0	9	0	705	0
16	0	9	0	706	0
17	0	9	0	766	0
18	0	9	0	796	0
19	0	9	0	816	0
20	0	9	0	836	0
21	0	9	0	942	0
22	0	9	0	981	0
23	0	9	0	1004	0
24	0	9	0	1070	0
25	0	9	0	1149	0
26	0	9	0	2071	0
27	0	9	0	2094	0
28	0	9	0	2107	0
29	0	9	0	2125	0
30	0	9	0	2217	0
31	0	9	0	2242	0
32	0	9	0	2332	0
33	0	9	0	2363	0
34	0	9	0	2367	0
35	0	9	0	2457	0
36	0	9	0	2479	0
37	0	9	0	2603	0
38	0	9	0	2609	0
39	0	9	0	2616	0
40	0	9	0	2626	0
41	0	9	0	2714	0
42	0	9	0	2774	0
43	0	9	0	2782	0
44	0	9	0	2819	0
45	0	9	0	2832	0
46	0	9	0	2833	0
47	0	9	0	2855	0
48	0	9	0	2861	0
49	0	9	0	2885	0
50	0	9	0	2936	0
51	0	9	0	2938	0
52	0	9	0	2947	0
53	0	9	0	2956	0
54	0	9	0	2957	0
55	0	9	0	2960	0
56	0	9	0	2972	0
57	0	9	0	2973	0
58	0	9	0	2975	0
59	0	9	0	3007	0
60	0	9	0	3033	0
61	0	9	0	3036	0
62	0	9	0	3062	0
63	0	9	0	3065	0
64	0	9	0	3071	0
65	0	9	0	3154	0
66	0	9	0	3158	0
67	0	9	1	17	0
68	0	9	1	158	0
69	0	9	1	309	0
70	0	9	1	434	0
71	0	9	1	487	0
72	0	9	1	533	0
73	0	9	1	568	0
74	0	9	1	632	0
75	0	9	1	682	0
76	0	9	1	839	0
77	0	9	1	918	0
78	0	9	1	920	0
79	0	9	1	1010	0
80	0	9	1	1169	0
81	0	9	1	1536	1
82	0	9	1	1537	1
83	0	9	1	1538	1
84	0	9	1	1540	1
85	0	9	1	1542	1
86	0	9	1	1544	1
87	0	9	1	1545	1
88	0	9	1	1547	1
89	0	9	1	1548	1
90	0	9	1	1549	1
91	0	9	1	1551	1
92	0	9	1	1560	1
93	0	9	1	1562	1
94	0	9	1	1564	1
95	0	9	1	2050	0
96	0	9	1	2059	0
97	0	9	1	2101	0
98	0	9	1	2110	0
99	0	9	1	2117	0
100	0	9	1	2297	0
101	0	9	1	2378	0
102	0	9	1	2463	0
103	0	9	1	2574	0
104	0	9	1	2635	0
105	0	9	1	2642	0
106	0	9	1	2699	0
107	0	9	1	2719	0
108	0	9	1	2724	0
109	0	9	1	2730	0
110	0	9	1	2761	0
111	0	9	1	2774	0
112	0	9	1	2788	0
113	0	9	1	2790	0
114	0	9	1	2801	0
115	0	9	1	2834	0
116	0	9	1	2837	0
117	0	9	1	2842	0
118	0	9	1	2847	0
119	0	9	1	2853	0
120	0	9	1	2872	0
121	0	9	1	2884	0
122	0	9	1	2891	0
123	0	9	1	2897	0
124	0	9	1	2906	0
125	0	9	1	2908	0
126	0	9	1	2914	0
127	0	9	1	2924	0
128	0	9	1	2929	0
129	0	9	1	2951	0
130	0	9	1	2954	0
131	0	9	1	2964	0
132	0	9	1	2982	0
133	0	9	1	3011	0
134	0	9	1	3014	0
135	0	9	1	3021	0
136	0	9	1	3027	0
137	0	9	1	3044	0
138	0	9	1	3060	0
139	0	9	1	3080	0
140	0	9	1	3081	0
141	0	9	1	3083	0
142	0	9	1	3084	0
143	0	9	1	3095	0
144	0	9	1	3102	0
145	0	9	1	3111	0
146	0	9	1	3117	0
147	0	9	1	3128	0
148	0	9	1	3144	0
149	0	9	1	3146	0
150	0	9	1	3157	0
151	0	9	1	3176	0
152	0	9	1	3200	0
153	0	9	1	3210	0
154	0	9	1	3212	0
155	0	9	1	3217	0
156	0	9	1	3218	0
157	0	9	1	3220	0
158	0	9	1	3231	0
159	0	9	1	3240	0
160	0	9	1	3245	0
161	0	9	1	3257	0
162	0	9	1	3259	0
163	0	9	1	3260	0
164	0	9	1	3262	0
165	0	9	1	3263	0
166	0	9	1	3266	0
167	0	9	1	3267	0
168	0	9	1	3270	0
169	0	9	1	3272	0
170	0	9	1	3276	0
171	0	9	1	3279	0
172	0	9	1	3295	0
173	0	9	1	3342	0
174	0	9	1	3345	0
175	0	9	1	3353	0
176	0	9	1	3361	0
177	0	9	1	3362	0
178	0	9	1	3364	0
179	0	9	1	3365	0
180	0	9	1	3371	0
181	0	9	1	3374	0
182	0	9	1	3381	0
183	0	9	1	3385	0
184	0	9	1	3390	0
185	0	9	1	3402	0
186	0	9	1	3409	0
187	0	9	1	3410	0
188	0	9	1	3414	0
189	0	9	1	3417	0
190	0	9	1	3423	0
191	0	9	1	3427	0
192	0	9	1	3451	0
193	0	9	1	3453	0
194	0	9	1	3460	0
195	0	9	1	3465	0
196	0	9	1	3468	0
197	0	9	1	3473	0
198	0	9	1	3484	0
199	0	9	1	3491	0
200	0	9	1	3504	0
201	0	9	1	3512	0
202	0	9	1	3516	0
203	0	9	1	3529	0
204	0	9	1	3534	0
205	0	9	1	3535	0
206	0	9	1	3537	0
207	0	9	1	3545	0
208	0	9	1	3546	0
209	0	9	1	3550	0
210	0	9	1	3551	0
211	0	9	1	3557	0
212	0	9	1	3564	0
213	0	9	1	3577	0
214	0	9	2	528	0
215	0	9	2	2152	0
216	0	9	3	3165	1
217	0	9	4	2619	0
218	0	9	5	148	0
219	0	9	5	890	0
